184
652
1119
1584
2050
2515
2983
3452
3921
4390
4858
5328
5797
6264
6733
7201
7668
8138
8604
9069
9534
10000
10463
10927
11390
11849
12310
12768
13225
13681
14138
14595
15048
15503
15955
16411
16864
17318
17774
18232
18689
19144
19601
20059
20518
20976
21438
21904
22373
22841
23309
23776
24245
24712
25174
25636
26097
26559
27022
27487
27956
28426
28897
29366
29836
30307
30776
31244
31710
32175
32640
33103
33566
34027
34489
34954
35417
35881
36345
36810
37276
37744
38211
38679
39147
39618
40086
40558
41025
41494
41962
42431
42900
43371
43844
44318
44791
45264
45737
46210
46682
47153
47623
48095
48566
49037
49507
49975
50444
50911
51378
51848
52313
52780
53247
53714
54180
54647
55108
55569
56029
56492
56950
57410
57874
58335
58801
59267
59734
60202
60670
61137
61607
62076
62540
63007
63470
63932
64397
64865
65329
65797
66260
66729
67196
67667
68138
68612
69089
69569
70051
70531
71012
71490
71969
72447
72923
73399
73874
74350
74822
75297
75771
76246
76717
77182
77653
78121
78588
79056
79529
80002
80474
80947
81415
81881
82347
82816
83279
83742
84207
84674
85147
85623
86105
86584
87061
87534
88016
88496
88976
89456
89942
90424
90912
91394
91874
92354
92837
93319
93796
94271
94743
95217
95693
96172
96656
97136
97619
98099
98582
99060
99535
100015
100493
100974
101450
101930
102406
102881
103355
103831
104308
104783
105257
105730
106207
106681
107156
107632
108106
108578
109054
109533
110007
110481
110954
111426
111900
112371
112844
113315
113789
114262
114732
115203
115673
116145
116617
117088
117558
118028
118497
118966
119435
119905
120376
120845
121309
121784
122255
122724
123190
123660
124128
124595
125061
125526
125991
126457
126930
127397
127867
128331
128800
129265
129727
130188
130652
131121
131597
132069
132546
133017
133493
133966
134436
134904
135372
135842
136308
136776
137240
137708
138178
138644
139118
139585
140052
140517
140982
141446
141909
142375
142844
143312
143778
144244
144706
145173
145634
146098
146561
147026
147488
147957
148421
148882
149344
149802
150259
150711
151164
151618
152070
152521
152973
153423
153872
154323
154770
155218
155665
156110
156553
156995
157435
157874
158309
158743
159512
159954
160382
160807
161225
161638
162050
162458
162865
163588
164008
164412
164812
165212
165614
166018
166428
166843
167265
167699
168146
168605
169073
169552
170046
170546
171054
171562
172069
172578
173086
173579
174074
174571
175051
175538
176017
176501
176983
177465
177942
178413
178889
179359
179827
180290
180751
181207
181660
182109
182554
182995
183431
183865
184296
184728
185157
185584
186008
186432
186855
187276
187695
188112
188528
188943
189356
189767
190177
190587
190996
191405
191812
192221
192629
193042
193455
193865
194275
194688
195101
195519
195949
196384
196823
197264
197706
198158
198615
199072
199526
199975
200426
200875
201325
201781
202237
202687
203134
203585
204033
204482
204931
205375
205817
206259
206699
207136
207572
208002
208426
208844
209258
209670
210080
210490
210898
211310
211722
212138
212564
212994
213435
213888
214355
214837
215322
215804
216281
216762
217238
217717
218192
218666
219144
219620
220094
220567
221041
221514
221989
222464
222943
223423
223906
224394
224881
225367
225863
226344
226829
227305
227784
228259
228740
229217
229696
230168
230636
231106
231574
232048
232515
232985
233456
233926
234398
234871
235343
235818
236295
236765
237234
237708
238178
238652
239123
239598
240078
240564
241040
241517
241993
242468
242946
243426
243904
244385
244863
245341
245821
246298
246775
247254
247730
248204
248674
249144
249614
250082
250556
251030
251502
251975
252451
252927
253396
253870
254341
254815
255289
255766
256246
256724
257200
257677
258155
258635
259113
259590
260068
260548
261024
261506
261984
262460
262936
263415
263887
264363
264841
265318
265795
266276
266763
267253
267738
268226
268709
269194
269674
270157
270635
271115
271590
272069
272552
273031
273516
274000
274489
274970
275451
275927
276402
276877
277349
277825
278299
278776
279256
279737
280220
280703
281186
281671
282156
282637
283117
283595
284072
284547
285023
285499
285974
286448
286924
287401
287876
288358
288836
289320
289806
290293
290777
291262
291746
292227
292707
293185
293661
294137
294610
295091
295570
296046
296528
297009
297495
297981
298470
298955
299436
299920
