151
633
1110
1593
2072
2548
3023
3497
3970
4448
4929
5409
5888
6376
6869
7362
7858
8348
8842
9336
9836
10343
10841
11336
11825
12318
12804
13289
13772
14252
14730
15204
15678
16149
16618
17085
17552
18018
18481
18944
19406
19868
20329
20790
21251
21712
22173
22634
23098
23563
24030
24497
24965
25436
25904
26373
26848
27326
27802
28289
28775
29255
29732
30210
30689
31168
31647
32125
32602
33082
33568
34052
34541
35031
35520
36009
36494
36986
37477
37971
38461
38947
39429
39910
40389
40865
41342
41819
42292
42764
43238
43723
44207
44693
45179
45665
46153
46644
47133
47621
48107
48594
49079
49564
50049
50537
51023
51509
51992
52476
52958
53437
53916
54397
54874
55352
55836
56316
56796
57281
57769
58255
58739
59219
59700
60182
60667
61150
61633
62115
62594
63074
63554
64034
64514
65001
65487
65972
66456
66947
67433
67917
68398
68877
69355
69831
70304
70778
71252
71723
72195
72668
73144
73623
74102
74581
75058
75538
76018
76497
76976
77457
77942
78427
78913
79399
79887
80381
80871
81365
81856
82348
82839
83329
83816
84302
84788
85277
85763
86255
86752
87268
87809
88355
88928
89516
90101
90675
91238
91795
92362
92937
93521
94108
94688
95262
95837
96402
96975
97539
98101
98664
99228
99791
100339
100875
101395
101906
102428
102959
103511
104053
104587
105121
105638
106149
106673
107182
107685
108194
108703
109206
109706
110202
110696
111186
111678
112171
112660
113148
113638
114125
114610
115096
115583
116068
116552
117034
117514
117994
118481
118975
119463
119954
120451
120950
121445
121937
122429
122919
123405
123908
124410
124924
125443
125947
126442
126937
127438
127941
128437
128923
129411
129897
130382
130861
131338
131813
132287
132758
133226
133693
134160
134623
135087
135548
136008
136466
136924
137381
137837
138294
138750
139205
139663
140123
140594
141061
141536
142019
142494
142976
143468
143956
144441
144924
145406
145888
146365
146843
147318
147789
148259
148726
149191
149654
150116
150577
151038
151508
151971
152432
152893
153352
153813
154272
154731
155190
155645
156099
156550
156999
157446
157892
158335
158775
159214
159652
160090
160526
160960
161394
161825
162255
162682
163107
163531
163951
164368
164782
165194
165603
166012
166422
166838
167253
167678
168101
168530
168959
169392
169840
170282
170718
171147
171572
171996
172420
172843
173264
173684
174102
174519
174935
175349
175763
176174
176586
177000
177414
177829
178248
178669
179105
179545
180004
180470
180940
181404
181882
182351
182816
183289
183746
184213
184672
185132
185586
186046
186495
186940
187382
187826
188264
188701
189136
189572
190007
190442
190874
191306
191735
192158
192577
192999
193422
193844
194262
194693
195119
195541
195962
196384
196811
197236
197661
198086
198511
198935
199358
199780
200202
200623
201040
201454
201868
202281
202692
203103
203513
203922
204331
204739
205150
205559
205969
206380
206792
207206
207624
208045
208476
208909
209344
209794
210241
210689
211136
211588
212042
212502
212983
213445
213902
214367
214834
215323
215815
216309
216814
217318
217830
218345
218860
219376
219895
220418
220947
221485
222030
222563
223087
223582
224074
224557
225033
225506
225973
226440
226905
227385
227865
228344
228832
229326
229823
230322
230833
231351
231861
232361
232849
233336
233818
234310
234801
235309
235832
236332
236839
237332
237818
238316
238815
239318
239818
240313
240797
241278
241756
242228
242701
243173
243644
244108
244571
245034
245501
245982
246461
246942
247426
247909
248401
248892
249375
249853
250332
250809
251282
251759
252244
252733
253223
253727
254222
254719
255202
255680
256155
256626
257092
257558
258023
258484
258948
259410
259883
260354
260834
261310
261789
262277
262757
263251
263735
264214
264690
265163
265633
266106
266574
267050
267538
268026
268512
268995
269496
269981
270458
270934
271405
271882
272359
272833
273306
273782
274257
274730
275203
275673
276141
276613
277085
277559
278027
278491
278955
279417
279878
280336
280794
281256
281714
282175
282649
283122
283600
284074
284544
285013
285481
285946
286411
286874
287336
287800
288278
288768
289255
289739
290220
290698
291173
291650
292139
292617
293104
293595
294079
294562
295042
295522
296004
296488
296992
297486
297976
298465
298947
299426
299902
