201
677
1154
1632
2108
2583
3056
3527
3998
4468
4936
5409
5879
6350
6822
7295
7770
8244
8719
9194
9668
10140
10611
11084
11555
12026
12496
12965
13434
13902
14370
14836
15305
15773
16240
16708
17174
17640
18106
18573
19039
19506
19977
20451
20929
21404
21881
22356
22834
23310
23785
24258
24730
25200
25669
26137
26605
27072
27540
28007
28476
28947
29417
29887
30357
30826
31294
31764
32235
32705
33175
33644
34117
34588
35060
35535
36010
36490
36969
37446
37924
38400
38875
39348
39821
40293
40766
41239
41710
42176
42654
43125
43597
44066
44535
45002
45471
45940
46407
46877
47351
47825
48301
48771
49255
49732
50209
50688
51166
51643
52119
52595
53072
53548
54025
54503
54979
55456
55932
56411
56881
57354
57825
58295
58764
59232
59698
60164
60628
61092
61556
62018
62482
62945
63408
63870
64332
64795
65257
65720
66182
66644
67108
67573
68040
68509
68980
69451
69923
70397
70871
71346
71820
72293
72767
73239
73713
74186
74662
75140
75622
76102
76586
77070
77557
78040
78522
79006
79485
79962
80438
80914
81392
81873
82357
82848
83340
83835
84337
84837
85336
85835
86327
86818
87303
87787
88271
88753
89236
89717
90194
90670
91146
91618
92091
92563
93037
93512
93985
94460
94932
95406
95879
96350
96821
97293
97764
98234
98702
99171
99642
100120
100597
101072
101549
102027
102505
102981
103461
103939
104414
104887
105366
105851
106333
106811
107288
107768
108257
108748
109245
109744
110252
110762
111269
111773
112272
112777
113275
113768
114253
114736
115223
115694
116168
116643
117114
117585
118052
118525
119002
119481
119962
120443
120928
121420
121910
122400
122891
123378
123862
124342
124820
125295
125769
126244
126718
127190
127661
128134
128605
129079
129551
130021
130497
130972
131449
131926
132402
132879
133355
133831
134306
134780
135252
135723
136195
136666
137134
137602
138070
138537
139002
139467
139939
140406
140875
141344
141815
142285
142766
143243
143721
144197
144675
145152
145628
146103
146576
147047
147517
147987
148455
148923
149390
149860
150328
150795
151264
151733
152200
152668
153138
153608
154077
154551
155023
155496
155971
156446
156922
157398
157872
158345
158818
159290
159760
160233
160706
161180
161655
162132
162615
163097
163581
164064
164545
165026
165507
165988
166467
166945
167421
167896
168370
168843
169314
169785
170256
170727
171199
171672
172144
172616
173088
173562
174035
174508
174980
175452
175923
176396
176874
177352
177832
178315
178797
179278
179761
180241
180721
181203
181683
182162
182638
183115
183590
184064
184538
185011
185487
185961
186437
186911
187387
187863
188339
188817
189293
189771
190248
190724
191201
191676
192150
192623
193096
193567
194040
194511
194987
195460
195934
196409
196884
197359
197834
198309
198785
199261
199738
200215
200697
201178
201657
202137
202616
203096
203576
204055
204536
205016
205496
205974
206452
206928
207402
207874
208345
208814
209282
209750
210218
210686
211154
211622
212091
212562
213032
213501
213972
214440
214908
215375
215842
216307
216773
217237
217703
218170
218639
219110
219582
220055
220532
221006
221484
221964
222443
222922
223400
223877
224351
224825
225299
225770
226244
226719
227201
227683
228169
228654
229139
229626
230114
230608
231107
231615
232123
232631
233134
233632
234126
234619
235113
235606
236103
236605
237121
237639
238162
238686
239204
239723
240237
240748
241254
241756
242254
242749
243241
243734
244225
244722
245217
245713
246206
246703
247206
247708
248217
248734
249249
249764
250273
250781
251291
251794
252288
252781
253274
253764
254252
254738
255223
255707
256186
256674
257160
257643
258131
258621
259109
259596
260085
260573
261060
261544
262041
262530
263024
263522
264015
264504
264990
265472
265955
266438
266922
267405
267889
268373
268861
269342
269823
270305
270783
271267
271748
272230
272708
273188
273668
274149
274636
275119
275604
276088
276571
277053
277539
278023
278512
279002
279492
279982
280470
280956
281440
281924
282406
282889
283374
283855
284334
284812
285293
285774
286256
286741
287225
287711
288197
288683
289169
289656
290142
290624
291105
291583
292061
292537
293015
293493
293970
294449
294927
295404
295883
296361
296839
297315
297791
298267
298744
299222
299698
