207
653
1096
1539
1983
2429
2877
3333
3792
4266
4742
5222
5706
6186
6672
7157
7639
8120
8601
9083
9563
10046
10530
11011
11491
11971
12449
12932
13413
13896
14378
14862
15344
15823
16303
16785
17264
17742
18219
18694
19173
19655
20139
20627
21113
21597
22079
22559
23041
23527
24011
24490
24968
25446
25920
26393
26861
27327
27791
28252
28710
29166
29619
30070
30519
30966
31413
31858
32303
32748
33192
33636
34080
34522
34964
35405
35850
36295
36742
37190
37644
38098
38557
39017
39479
39939
40397
40854
41311
41765
42217
42667
43115
43559
44002
44443
44881
45319
45755
46189
46623
47058
47493
47926
48356
48783
49205
49625
50043
50460
50874
51287
51698
52109
52519
52928
53336
53745
54152
54565
54983
55401
55824
56254
56685
57120
57566
58014
58461
58913
59366
59832
60297
60766
61245
61724
62203
62678
63151
63619
64094
64575
65054
65532
66012
66490
66966
67439
67912
68384
68851
69320
69785
70260
70731
71199
71664
72130
72592
73051
73508
73965
74421
74876
75328
75779
76229
76679
77131
77584
78035
78486
78939
79391
79845
80299
80755
81210
81665
82123
82581
83042
83508
83974
84441
84909
85387
85861
86336
86809
87289
87764
88241
88721
89195
89671
90151
90623
91097
91568
92041
92512
92984
93455
93924
94403
94882
95362
95846
96324
96802
97274
97746
98216
98684
99151
99618
100086
100553
101018
101482
101944
102407
102868
103326
103781
104235
104688
105145
105601
106056
106514
106975
107438
107903
108369
108837
109303
109779
110251
110725
111198
111672
112159
112650
113136
113619
114102
114592
115075
115556
116035
116512
116990
117467
117939
118407
118871
119331
119786
120236
120679
121119
121554
121985
122414
122838
123259
123677
124094
124508
124920
125331
125743
126157
126570
126981
127390
127798
128206
128611
129015
129418
129819
130218
130617
131014
131412
131810
132207
132605
133005
133407
133815
134228
134650
135077
135511
135955
136407
136869
137339
137814
138299
138792
139289
139783
140271
140755
141231
141697
142155
142609
143062
143508
143953
144399
144844
145300
145757
146212
146676
147147
147611
148071
148529
148983
149432
149879
150325
150769
151212
151655
152095
152537
152977
153422
153869
154318
154768
155221
155677
156137
156598
157059
157522
157983
158449
158915
159381
159848
160314
160779
161243
161706
162171
162636
163102
163568
164040
164508
164974
165427
165889
166351
166809
167267
167725
168181
168639
169098
169559
170018
170479
170940
171402
171868
172332
172793
173253
173712
174171
174626
175080
175532
175982
176429
177234
177686
178129
178570
179006
179439
179872
180301
180729
181154
181573
181990
182405
182816
183225
183635
184041
184792
185210
185617
186020
186423
187155
187578
187997
188422
188857
189312
189784
190297
190834
191395
191963
192531
193086
193631
194165
194688
195198
195700
196189
196671
197144
197614
198071
198530
198984
199435
199886
200338
200783
201227
201669
202110
202551
202989
203430
203870
204311
204751
205192
205631
206067
206502
206936
207368
207801
208234
208669
209101
209546
209989
210437
210885
211333
211783
212232
212683
213133
213582
214030
214475
214918
215360
215807
216258
216716
217170
217634
218107
218580
219060
219537
220010
220481
220947
221409
221870
222329
222785
223246
223705
224164
224623
225083
225546
226012
226475
226946
227418
227888
228361
228838
229315
229788
230264
230735
231208
231683
232160
232643
233123
233599
234074
234555
235032
235511
235986
236464
236936
237406
237875
238343
238815
239286
239765
240235
240704
241169
241632
242101
242566
243030
243493
243955
244414
244872
245329
245786
246243
246704
247162
247620
248079
248541
249003
249469
249933
250406
250875
251342
251814
252292
252766
253241
253716
254191
254666
255139
255617
256096
256573
257049
257520
257993
258467
258941
259417
259897
260376
260859
261339
261821
262305
262789
263270
263750
264227
264704
265180
265654
266129
266605
267081
267557
268030
268503
268977
269449
269924
270400
270874
271349
271822
272293
272762
273233
273703
274176
274647
275116
275584
276053
276519
276987
277457
277925
278394
278863
279334
279805
280277
280751
281225
281697
282169
282640
283112
283581
284049
284516
284983
285452
285922
286392
286861
287328
287795
288260
288726
289192
289657
290121
290587
291053
291521
291991
292460
292927
293402
293875
294346
294816
295285
295750
296214
296680
297143
297605
298070
298534
298999
299466
299934
