92
592
1099
1613
2126
2672
3228
3775
4314
4837
5353
5871
6375
6879
7369
7871
8375
8871
9377
9864
10340
10805
11265
11722
12176
12624
13063
13507
13942
14373
14801
15228
15653
16080
16507
16947
17383
17825
18272
18718
19167
19611
20055
20506
20951
21404
21852
22302
22753
23209
23664
24137
24606
25077
25550
26034
26525
27010
27485
27956
28436
28918
29401
29876
30363
30854
31336
31829
32324
32826
33331
33830
34335
34820
35300
35768
36238
36701
37161
37614
38069
38522
38972
39424
39871
40326
40775
41221
41674
42132
42594
43048
43504
43964
44433
44909
45378
45845
46303
46765
47237
47697
48158
48626
49084
49534
49990
50441
50900
51359
51819
52279
52750
53226
53701
54187
54666
55153
55625
56083
56535
56996
57447
57896
58343
58792
59238
59683
60146
60603
61055
61515
61969
62434
62901
63366
63826
64284
64740
65198
65660
66120
66582
67042
67500
67956
68423
68881
69338
69797
70264
70726
71186
71647
72102
72562
73026
73483
73949
74407
74862
75318
75771
76224
76685
77157
77621
78082
78543
78999
79463
79918
80371
80819
81270
81721
82171
82628
83088
83540
83993
84441
84892
85338
85783
86234
86679
87127
87578
88030
88480
88929
89378
89831
90285
90741
91193
91648
92106
92558
93009
93460
93910
94374
94850
95323
95799
96275
96749
97218
97687
98167
98638
99100
99571
100031
100498
100964
101420
101875
102330
102786
103243
103699
104160
104621
105077
105534
105989
106442
106894
107343
107789
108237
108676
109126
109577
110029
110486
110941
111399
111865
112323
112794
113262
113729
114191
114649
115110
115560
116018
116479
116947
117405
117863
118322
118780
119246
119702
120158
120609
121057
121517
121977
122436
122898
123360
123825
124284
124741
125204
125667
126124
126578
127034
127486
127938
128384
128831
129277
129724
130162
130613
131066
131539
132023
132507
132987
133467
133946
134415
134883
135354
135822
136291
136771
137248
137712
138177
138661
139140
139623
140098
140582
141059
141546
142038
142528
143009
143486
143959
144432
144906
145379
145848
146316
146785
147252
147716
148182
148641
149105
149570
150030
150487
150943
151400
151856
152326
152802
153281
153773
154277
154778
155285
155804
156324
156853
157388
157911
158437
158964
159507
160052
160585
161117
161649
162170
162687
163202
163715
164224
164738
165248
165759
166261
166767
167267
167773
168275
168773
169285
169795
170302
170816
171334
171843
172366
172883
173392
173896
174416
174931
175450
175980
176516
177038
177556
178062
178558
179046
179539
180024
180520
180999
181472
181939
182399
182856
183308
183759
184212
184664
185118
185574
186029
186486
187137
190747
191221
191692
192171
192652
193126
193597
194073
194544
195012
195477
195942
196410
196873
197331
197785
198238
198694
199158
199630
200095
200553
201010
201460
201911
202357
203451
203492
205968
210873
211282
211689
212095
212496
212900
213306
213707
214107
214510
214915
215315
215722
216129
216543
216957
217379
217798
218218
218640
219061
219483
219904
220323
220742
221159
221573
221986
222397
222806
223220
223631
224040
224449
224857
225262
225666
226069
226467
226871
227271
227668
228063
228457
228851
229244
229636
230028
230415
230809
231195
231589
231978
232367
232758
233148
233537
233928
234320
234713
235101
235499
235891
236292
236687
237099
237508
237949
238388
238835
239282
239728
240172
240606
241037
241465
241885
242314
242733
243145
243561
243973
244372
244776
245172
245572
245964
246358
246758
247155
247558
247966
248367
248779
249188
249598
250008
250420
250834
251248
251662
252079
252502
252923
253354
253782
254215
254650
255083
255521
255963
256407
256847
257290
257732
258171
258614
259073
259556
260020
260479
260936
261380
261830
262276
262719
263161
263605
264052
264492
264931
265368
265803
266233
266671
267103
267540
267975
268410
268843
269274
269706
270138
270569
271001
271432
271868
272303
272738
273175
273611
274049
274486
274925
275364
275804
276247
276686
277135
277582
278027
278466
278916
279359
279804
280249
280697
281146
281591
282036
282483
282929
283376
283821
284264
284715
285160
285603
286055
286504
286945
287399
287859
288315
288770
289222
289672
290129
290582
291029
291490
291950
292406
292867
293321
293780
294227
294680
295122
295573
296018
296464
296909
297347
297795
298236
298671
299112
299553
299989
